USD_EUR=0.89389
EUR_USD=1.11871
USD_GBP=0.78139
GBP_USD=1.27978
USD_CHF=1.2
CHF_USD=1.2
EUR_GBP=0.87416
GBP_EUR=1.14396
EUR_CHF=1.1
CHF_EUR=1.1
GBP_CHF=1.3
CHF_GBP=1.3